-----------------------------------------------------------------------------------------------------------------------------------------------
               it        mer  rhomer       |dx|  rhodx   lin        |x|        type  ntrial      alpha        eta      |F_h|        N  meshiter
-----------------------------------------------------------------------------------------------------------------------------------------------
newton          0  7.907e-04    0.00  4.573e+00   0.00     0  4.573e+00   newton          0  1.000e+00  7.907e-04  2.626e-14       10         0
newton          1  2.145e-04    0.00  2.007e-04   0.00     0  4.573e+00   newton          0  1.000e+00  2.145e-04  5.997e-15       16         1
newton          2  4.964e-05    0.00  5.498e-05   0.00     0  4.573e+00   newton          0  1.000e+00  4.964e-05  7.108e-15       19         1
newton          3  1.583e-05    0.00  1.239e-05   0.00     0  4.573e+00   newton          0  1.000e+00  1.583e-05  1.505e-14       30         1
newton          4  3.150e-06    0.00  4.088e-06   0.00     0  4.573e+00   newton          0  1.000e+00  3.150e-06  1.319e-14       35         1
newton          5  9.255e-07    0.00  7.931e-07   0.00     0  4.573e+00   newton          0  1.000e+00  9.255e-07  2.192e-14       59         1
newton          6  3.001e-07    0.00  2.499e-07   0.00     0  4.573e+00   newton          0  1.000e+00  3.001e-07  2.697e-14       68         1
newton          7  9.605e-08    0.00  7.529e-08   0.00     0  4.573e+00   newton          0  1.000e+00  9.605e-08  3.215e-14      105         1
newton          8  3.087e-08    0.00  2.396e-08   0.00     0  4.573e+00   newton          0  1.000e+00  3.087e-08  4.380e-14      128         1
newton          9  9.880e-09    0.00  7.732e-09   0.00     0  4.573e+00   newton          0  1.000e+00  9.879e-09  5.237e-14      170         1
newton         10  3.095e-09    0.00  2.471e-09   0.00     0  4.573e+00   newton          0  1.000e+00  3.095e-09  7.778e-14      240         1
newton         11  9.894e-10    0.00  7.732e-10   0.00     0  4.573e+00   newton          0  1.000e+00  9.893e-10  8.990e-14      272         1
