-----------------------------------------------------------------------------------------------------------------------------------------------
               it        mer  rhomer       |dx|  rhodx   lin        |x|        type  ntrial      alpha        eta        |R|        N  meshiter
-----------------------------------------------------------------------------------------------------------------------------------------------
newton          0  1.240e+00    0.00  2.170e+01   0.00     0  1.476e+01   newton          4  6.250e-02  7.215e-02  2.336e+00      504         1
newton          1  1.236e+00    0.00  2.116e+01   0.00     0  1.476e+01   newton          4  6.250e-02  7.545e-02  2.321e+00      504         0
newton          2  1.223e+00    0.00  2.026e+01   0.00     0  1.475e+01   newton          4  6.250e-02  8.643e-02  2.273e+00      504         0
newton          3  1.193e+00    0.00  1.894e+01   0.00     0  1.474e+01   newton          4  6.250e-02  9.304e-02  2.201e+00      504         0
newton          4  1.144e+00    0.00  1.753e+01   0.00     0  1.472e+01   newton          4  6.250e-02  8.752e-02  2.112e+00      504         0
newton          5  1.104e+00    0.00  1.670e+01   0.00     0  1.470e+01   newton          4  6.250e-02  9.279e-02  2.022e+00      504         0
newton          6  9.856e-01    0.00  1.683e+01   0.00     0  1.474e+01   newton          3  1.250e-01  8.437e-02  1.802e+00      507         1
newton          7  9.537e-01    0.00  1.483e+01   0.00     0  1.474e+01   newton          3  1.250e-01  8.807e-02  1.731e+00      507         0
newton          8  9.001e-01    0.00  1.233e+01   0.00     0  1.472e+01   newton          3  1.250e-01  9.112e-02  1.618e+00      507         0
newton          9  8.504e-01    0.00  1.091e+01   0.00     0  1.468e+01   newton          3  1.250e-01  9.800e-02  1.505e+00      507         0
newton         10  8.069e-01    0.00  9.758e+00   0.00     0  1.465e+01   newton          3  1.250e-01  1.069e-01  1.400e+00      507         0
newton         11  7.541e-01    0.00  8.606e+00   0.00     0  1.462e+01   newton          3  1.250e-01  1.088e-01  1.291e+00      507         0
newton         12  7.290e-01    0.00  7.463e+00   0.00     0  1.463e+01   newton          2  2.500e-01  8.538e-02  1.287e+00      507         0
newton         13  6.739e-01    0.00  5.683e+00   0.00     0  1.460e+01   newton          2  2.500e-01  9.857e-02  1.151e+00      507         0
newton         14  6.307e-01    0.00  4.611e+00   0.00     0  1.457e+01   newton          2  2.500e-01  1.397e-01  9.821e-01      507         0
newton         15  5.699e-01    0.00  3.482e+00   0.00     0  1.456e+01   newton          1  5.000e-01  1.408e-01  8.582e-01      507         0
newton         16  3.282e-01    0.00  1.715e+00   0.00     0  1.449e+01   newton          0  1.000e+00  6.641e-02  5.236e-01      507         0
newton         17  6.549e-02    0.00  3.182e-01   0.00     0  1.442e+01   newton          0  1.000e+00  6.101e-02  8.948e-03      507         0
newton         18  2.721e-02    0.00  1.832e-01   0.00     0  1.442e+01   newton          0  1.000e+00  2.434e-02  5.727e-03      516         1
newton         19  9.043e-03    0.00  1.027e-01   0.00     0  1.442e+01   newton          0  1.000e+00  8.483e-03  1.119e-03      533         1
newton         20  2.773e-03    0.00  6.715e-03   0.00     0  1.442e+01   newton          0  1.000e+00  2.772e-03  1.217e-06      553         1
newton         21  3.188e-04    0.00  2.201e-03   0.00     0  1.442e+01   newton          0  1.000e+00  3.187e-04  1.140e-07      651         2
newton         22  1.784e-04    0.00  2.590e-04   0.00     0  1.442e+01   newton          2  2.500e-01  4.252e-06  3.482e-04     1407         4
newton         23  1.405e-06    0.00  1.943e-04   0.00     0  1.442e+01   newton          0  1.000e+00  1.405e-06  1.572e-10     1845         1
newton         24  6.739e-07    0.00  1.138e-06   0.00     0  1.442e+01   newton          8  3.906e-03  8.095e-11  1.348e-06    44951         9
